.pbd_env <-
<environment>
.Random.seed <-
c(403L, 202L, -1577024373L, 1699409082L, 1745430460L, -928819969L, 
-1754023851L, 671107948L, 815604674L, 1800709149L, -152284009L, 
-1410964994L, -1278041672L, -304058981L, 629421049L, 688454472L, 
217798262L, 266948529L, 1647276515L, -695241038L, 1274678020L, 
-381618105L, -1300697315L, -134728300L, 2005309754L, 163038597L, 
-806547873L, 583342310L, 1416010608L, 1226390675L, -1577932495L, 
1776775136L, -1144892290L, -505850103L, -30631621L, 518454538L, 
-181111572L, -1178410641L, 1453745829L, -1307101092L, -1273806L, 
-1054357715L, 413369831L, 776173838L, -1966842136L, -1884655381L, 
-54857335L, -1590054632L, 418038854L, 2024983713L, -840379597L, 
263191202L, 1844760980L, 2026315799L, -300746739L, -2049086172L, 
1529927946L, 915910773L, 755620815L, 1339051222L, 35454080L, 
-964549949L, 2046004321L, -1981354800L, -385843666L, -1218838567L, 
-145498133L, 220919386L, -789901284L, 1198435615L, -708752011L, 
-1719190516L, -1233150494L, -1750933827L, 635550007L, -1840931362L, 
-2009959656L, -516834693L, 1317763097L, -147525464L, 56373846L, 
1990885073L, 1822559875L, -1850342126L, 1663660196L, 828797031L, 
2104869309L, 302730036L, 1603289242L, -6732059L, 1347219583L, 
-1212388858L, -1729145456L, -1072584653L, 1214875601L, -743633536L, 
-343670690L, 1626320809L, 1418245723L, 318048874L, 975058700L, 
272695631L, -473179643L, -291362628L, -674889326L, 364206733L, 
486607047L, -1041154642L, -1456461816L, -1532969973L, 1312954601L, 
1924970424L, -1522691994L, 362045697L, 946517907L, -415578046L, 
-853909516L, 1392228855L, 572157421L, 906133124L, -226189142L, 
3255829L, -586706257L, -939382602L, 1007331040L, 471783971L, 
483444033L, 245332016L, 393355854L, -45037895L, -1510948149L, 
1897722746L, -1472093572L, -1215457601L, -1969414251L, 964007852L, 
-708188798L, 81890141L, -1617279401L, -1016163010L, 554878328L, 
-1651181989L, 2057535929L, -1726282744L, 1302658742L, 261058033L, 
120235043L, -1024951182L, -930046268L, -341821305L, -1525654435L, 
-388054444L, 906467450L, 1740372933L, 1225739551L, 2125978790L, 
297143856L, 2071803091L, 754711281L, 439577120L, -1425470274L, 
1014028489L, 702122619L, 510312522L, -1252945748L, -1447753809L, 
772600677L, 469526812L, 107368818L, 2119021037L, -857598425L, 
-1652713906L, 1980725928L, -786294613L, -122805815L, 903441880L, 
-879936378L, 1069080929L, 1295115507L, 876735330L, 114648532L, 
1725165783L, -1187847475L, -378912156L, -365668278L, 880569781L, 
-1347112689L, -1544745450L, -1887041344L, -1737228669L, -962643295L, 
-1369559920L, -1694144658L, -72457959L, 1610113451L, 1533845402L, 
-1976930468L, 1734303327L, -367817163L, 378465740L, 1793502498L, 
179591037L, 1787980919L, -1321520738L, -565983144L, 2065593787L, 
-683771047L, 2047944936L, -953816810L, -1933673839L, 1398896451L, 
-765377966L, -908688156L, -1911558361L, -1931195523L, 888204916L, 
1896427610L, 324708517L, -1356416321L, 1240596806L, -2040875056L, 
-413670925L, 2015317265L, -1121867456L, -2074560226L, 860536297L, 
297905947L, -1011402454L, -798010804L, -960023566L, -1275442048L, 
1747945716L, 1417863304L, -322014918L, -223671472L, 519819372L, 
-467473260L, -1737255598L, 107281120L, -1320289076L, 976774304L, 
1442694530L, -911616792L, 630645996L, -412997572L, 1308257394L, 
1916652656L, 1633751588L, 668071480L, -1055612390L, 1415220432L, 
298094140L, -979187564L, -1498418046L, -672091200L, 1999767868L, 
-127758704L, -1612164062L, -412729336L, -1908177780L, 961772572L, 
-848949102L, -491217792L, -716698604L, 771958568L, 508842042L, 
1178949840L, -2125725588L, 107550388L, 707886098L, -2028776480L, 
-633527348L, 384485856L, -1866541022L, 657394984L, 641909004L, 
-1683979716L, -1457411854L, -1161384720L, 1146920772L, -1755825064L, 
-1176764870L, 1532238064L, 1170671292L, -317758956L, 677962946L, 
-1460086176L, 168255868L, 1553325264L, 1546481698L, 1917596840L, 
-1929006708L, 495268284L, -1124029390L, -1582526656L, -1112077644L, 
-995754680L, -737446214L, 1866853136L, -2107500308L, 1322855508L, 
490664722L, 1627024800L, -660994100L, 563174240L, 1732218050L, 
621703720L, 1971101100L, -1632349380L, 1055653746L, 1355697968L, 
1763453988L, -696036808L, 979015386L, -188497008L, 1473724668L, 
1524074900L, 1221749570L, 1318433280L, -1929194436L, 963349072L, 
394663074L, 1517115208L, -1520818676L, -1345337636L, 2145828946L, 
-1836695424L, 1412408148L, -539102232L, -1118174470L, 1281634128L, 
-858795988L, -1258524300L, 1636940434L, 1404801632L, -1750569844L, 
1648729440L, 1025130722L, -1711929176L, -1933696308L, -1381079556L, 
612906930L, 472989680L, -1548476988L, -1226540712L, 787557754L, 
-1538544208L, -874522180L, -1790637484L, -67068478L, 215382816L, 
951884732L, -2122406832L, 1976043490L, -87102616L, 767883084L, 
107207420L, -69774606L, -1876025088L, -936819596L, 53721608L, 
-1224207942L, -801203760L, -1067936788L, -1023125612L, -517376814L, 
468914272L, 1822828876L, 1385140000L, 35246722L, 918163944L, 
1171911660L, -1515413956L, 674595442L, 752093040L, -403807964L, 
1228525112L, -10969702L, 1312241104L, 1768346044L, -438408556L, 
732550786L, -1219364416L, 332914492L, -1836349808L, 1222472482L, 
-225128952L, -1456285940L, -894394468L, 1507018770L, -2122026112L, 
-1036017900L, 2031835432L, 1293101114L, -655251504L, 1569071724L, 
-1929923532L, -1968120686L, 188327264L, 1357189452L, 1966887392L, 
-1224161374L, -1005244504L, -751436660L, -1962140740L, 884605042L, 
-1184312336L, 499576900L, -1123265448L, -1079953350L, 286855280L, 
-1750062532L, -2111735020L, -935489854L, 437731040L, -44419972L, 
1733648592L, -1619274846L, 1919951400L, -1927521012L, 371878844L, 
727477554L, -889260864L, -1769505228L, -273230136L, -1821520198L, 
-1133926256L, 1455713004L, -1603169708L, 1256789650L, 1798802208L, 
-144241716L, -236591904L, -455841086L, -1510580184L, -1295572052L, 
1612120764L, 1641401842L, 160206384L, -1139898460L, 241403320L, 
-2080585894L, -871012208L, 1576649596L, -433865964L, -795066046L, 
-746712320L, -1236584516L, 1604977488L, 16821538L, 422905416L, 
-1197324276L, -301926308L, 1421787602L, 1422615040L, -1073825452L, 
1949235477L, -486117057L, -1745347368L, 235312374L, 532639491L, 
-762165179L, -22763422L, -848486448L, 383739129L, 19607083L, 
365164956L, 731859402L, -2124232001L, -561218551L, -419234530L, 
-1655021364L, -1757133667L, 1696536871L, -1720130736L, 2063810030L, 
216074907L, 354245885L, -1265843222L, -1940958072L, 1609050673L, 
-2125210461L, -221151068L, -1410436782L, 373771431L, -1521571599L, 
1624965174L, 2094784724L, 793580645L, -44216721L, 99594408L, 
1597136390L, -407912653L, 1490910101L, 78057458L, 1950280768L, 
-1340107351L, -692618213L, 1708177900L, 626729466L, 1609319983L, 
239444537L, -1154909106L, -1023351652L, 1952536077L, -1657267593L, 
-1315952000L, -988954402L, 703024043L, 1399825581L, -1072940774L, 
-1420562984L, -363276735L, -2050798349L, -2030052588L, 284080802L, 
-330099785L, 1650478977L, 621131142L, 880285636L, 1160510197L, 
-483684513L, 92541368L, -1796200298L, 1265979043L, 367128677L, 
2099856770L, 1274148592L, -1958532455L, 1615416971L, 183889788L, 
406823338L, -258856481L, 385990505L, -585070722L, -1446506644L, 
-59329603L, 540434567L, -1326113680L, -1104816370L, -469742533L, 
-2107571427L, -898127414L, 1000198888L, -1686743599L, 1394730947L, 
1401745604L, 152678258L, -220016057L, 24867345L, 162069398L, 
-241938700L, -609197947L, -374503985L, -314175288L, -2118092442L, 
208509843L, 1426916597L, 1238578386L, -330112224L, -887850231L, 
2079538235L, 1875501452L, 890239002L, -1222212465L, -430502951L, 
826010734L, -1634316292L, -174381715L, 1533706007L, 2113478368L, 
-1508631362L, -1670522229L, -1866239731L, 1935422778L, -639109768L, 
1102036769L, 1645205459L, -1631650060L, -1620861054L, -1182521833L, 
-289469215L, -1152574938L, 476846884L, 261215189L, -1576139905L, 
920315416L, 361180470L, 1602872259L, -171062779L, 195088802L, 
-1697548912L, 1548465465L, 432259563L, -118996260L, 1153410826L, 
-2049627649L, 1343242313L, -218576418L, -74231412L, -144175779L, 
